                    1AAP_A.pdb          1G6X_A.pdb          1KTH_A.pdb          1ZR0_B.pdb          3WNY_A.pdb          4BQD_A.pdb          4DTG_K.pdb          4ISO_B.pdb          4U30_X.pdb          4U32_X.pdb          
1AAP_A.pdb          0.000               0.971               1.162               0.717               1.048               0.723               0.787               0.957               0.969               0.503               
1G6X_A.pdb          0.971               0.000               1.305               1.217               0.458               1.184               1.034               1.361               0.977               0.601               
1KTH_A.pdb          1.162               1.305               0.000               1.365               1.004               1.254               1.437               1.655               1.182               0.875               
1ZR0_B.pdb          0.717               1.217               1.365               0.000               1.109               1.271               1.388               1.426               0.838               0.764               
3WNY_A.pdb          1.048               0.458               1.004               1.109               0.000               0.788               0.876               1.216               1.199               0.734               
4BQD_A.pdb          0.723               1.184               1.254               1.271               0.788               0.000               1.060               1.272               0.958               0.488               
4DTG_K.pdb          0.787               1.034               1.437               1.388               0.876               1.060               0.000               1.589               0.927               0.548               
4ISO_B.pdb          0.957               1.361               1.655               1.426               1.216               1.272               1.589               0.000               1.012               0.452               
4U30_X.pdb          0.969               0.977               1.182               0.838               1.199               0.958               0.927               1.012               0.000               1.048               
4U32_X.pdb          0.503               0.601               0.875               0.764               0.734               0.488               0.548               0.452               1.048               0.000        