                    1AAP_A.pdb          1G6X_A.pdb          1KTH_A.pdb          1ZR0_B.pdb          3WNY_A.pdb          4BQD_A.pdb          4DTG_K.pdb          4ISO_B.pdb          4U30_X.pdb          4U32_X.pdb          A0A1Q1NL17_kunitz.pdb	D3GGZ8_kunitz.pdb   O62247_kunitz.pdb   Q8WPG5_kunitz.pdb   
1AAP_A.pdb          0.000               0.971               1.162               0.717               1.048               0.723               0.787               0.957               0.969               0.503               1.487               1.550               1.591               2.501               
1G6X_A.pdb          0.971               0.000               1.305               1.217               0.458               1.184               1.034               1.361               0.977               0.601               1.357               1.844               1.651               2.420               
1KTH_A.pdb          1.162               1.305               0.000               1.365               1.004               1.254               1.437               1.655               1.182               0.875               1.219               1.849               1.456               2.637               
1ZR0_B.pdb          0.717               1.217               1.365               0.000               1.109               1.271               1.388               1.426               0.838               0.764               1.499               1.854               1.588               2.683               
3WNY_A.pdb          1.048               0.458               1.004               1.109               0.000               0.788               0.876               1.216               1.199               0.734               1.438               1.863               1.690               2.408               
4BQD_A.pdb          0.723               1.184               1.254               1.271               0.788               0.000               1.060               1.272               0.958               0.488               1.473               2.006               1.616               2.142               
4DTG_K.pdb          0.787               1.034               1.437               1.388               0.876               1.060               0.000               1.589               0.927               0.548               1.414               1.969               1.622               2.178               
4ISO_B.pdb          0.957               1.361               1.655               1.426               1.216               1.272               1.589               0.000               1.012               0.452               1.251               1.747               1.443               2.516               
4U30_X.pdb          0.969               0.977               1.182               0.838               1.199               0.958               0.927               1.012               0.000               1.048               1.437               1.813               1.508               2.429               
4U32_X.pdb          0.503               0.601               0.875               0.764               0.734               0.488               0.548               0.452               1.048               0.000               1.377               1.613               1.518               2.090               
A0A1Q1NL17_kunitz.pdb	1.487               1.357               1.219               1.499               1.438               1.473               1.414               1.251               1.437               1.377               0.000               1.448               1.702               2.405               
D3GGZ8_kunitz.pdb   1.550               1.844               1.849               1.854               1.863               2.006               1.969               1.747               1.813               1.613               1.448               0.000               0.353               2.890               
O62247_kunitz.pdb   1.591               1.651               1.456               1.588               1.690               1.616               1.622               1.443               1.508               1.518               1.702               0.353               0.000               2.609               
Q8WPG5_kunitz.pdb   2.501               2.420               2.637               2.683               2.408               2.142               2.178               2.516               2.429               2.090               2.405               2.890               2.609               0.000               