                    1AAP_A.pdb          1G6X_A.pdb          1KTH_A.pdb          1ZR0_B.pdb          3FP7_J.pdb          3WNY_A.pdb          4BQD_A.pdb          4DTG_K.pdb          4ISO_B.pdb          4U30_X.pdb          4U32_X.pdb          5NX1_D.pdb          
1AAP_A.pdb          0.000               0.971               1.162               0.717               0.666               1.048               0.723               0.787               0.957               0.969               0.503               0.322               
1G6X_A.pdb          0.971               0.000               1.305               1.217               0.636               0.458               1.184               1.034               1.361               0.977               0.601               0.734               
1KTH_A.pdb          1.162               1.305               0.000               1.365               1.326               1.004               1.254               1.437               1.655               1.182               0.875               0.874               
1ZR0_B.pdb          0.717               1.217               1.365               0.000               1.221               1.109               1.271               1.388               1.426               0.838               0.764               0.720               
3FP7_J.pdb          0.666               0.636               1.326               1.221               0.000               0.556               1.046               1.038               1.281               0.982               0.621               0.826               
3WNY_A.pdb          1.048               0.458               1.004               1.109               0.556               0.000               0.788               0.876               1.216               1.199               0.734               0.829               
4BQD_A.pdb          0.723               1.184               1.254               1.271               1.046               0.788               0.000               1.060               1.272               0.958               0.488               0.657               
4DTG_K.pdb          0.787               1.034               1.437               1.388               1.038               0.876               1.060               0.000               1.589               0.927               0.548               0.615               
4ISO_B.pdb          0.957               1.361               1.655               1.426               1.281               1.216               1.272               1.589               0.000               1.012               0.452               0.709               
4U30_X.pdb          0.969               0.977               1.182               0.838               0.982               1.199               0.958               0.927               1.012               0.000               1.048               0.838               
4U32_X.pdb          0.503               0.601               0.875               0.764               0.621               0.734               0.488               0.548               0.452               1.048               0.000               0.416               
5NX1_D.pdb          0.322               0.734               0.874               0.720               0.826               0.829               0.657               0.615               0.709               0.838               0.416               0.000               